structure(list(Nombre = structure(c(5L, 13L, 3L, 8L, 1L, 14L, 
9L, 2L, 11L, 4L, 7L, 6L, 12L, 10L), .Label = c("Adela", "Alberto Garcia", 
"Andres Garces", "Diego Moreno", "Juana Garcia", "Juan Trucha", 
"Julio Angulo", "Laura Perez", "Lola Martinez", "Monica Sanchez", 
"Pedro Vera", "Rafael Perez", "Silvia Lopez", "Yolanda Lopez"
), class = "factor"), Peso = c(77L, 58L, 89L, 55L, 47L, 60L, 
54L, 58L, 75L, 65L, 82L, 85L, 75L, 65L), Altura = c(163, 163, 
185, 162, 160, 163, 170, 165, 178, 170, 177, 183, 174, 165), 
    Edad = c(23L, 23L, 26L, 23L, 26L, 26L, 22L, 23L, 26L, 24L, 
    28L, 42L, 25L, 26L), Sexo = structure(c(2L, 2L, 1L, 2L, 2L, 
    2L, 2L, 1L, 1L, 1L, 1L, 1L, 1L, 2L), .Label = c("H", "M"), class = "factor")), row.names = c(NA, 
-14L), class = "data.frame")
